B 0 10 1 1916.035763
D 1 10 1 1471.321379
S 2 10 1 1392.931601
L 3 10 1 4228.855608
B 0 10 1 1786.189345
D 1 10 1 1405.129903
S 2 10 1 1301.087925
L 3 10 1 4228.855608
B 0 10 1 1790.839696
D 1 10 1 1490.110014
S 2 10 1 1374.267551
L 3 10 1 4228.855608
B 0 10 1 1881.128191
D 1 10 1 1482.917094
S 2 10 1 1602.768570
L 3 10 1 4228.855608
B 0 10 1 2212.173518
D 1 10 1 1703.740630
S 2 10 1 1602.700075
L 3 10 1 4228.855608
B 0 10 1 1898.803258
D 1 10 1 1484.772729
S 2 10 1 1594.557838
L 3 10 1 4228.855608
B 0 10 1 1807.765242
D 1 10 1 1392.391470
S 2 10 1 1264.259430
L 3 10 1 4228.855608
B 0 10 1 1741.538566
D 1 10 1 1415.612251
S 2 10 1 1364.875290
L 3 10 1 4228.855608
B 0 10 1 2066.577195
D 1 10 1 1711.865330
S 2 10 1 1536.834370
L 3 10 1 4228.855608
B 0 10 1 1650.052343
D 1 10 1 1411.843351
S 2 10 1 1307.288529
L 3 10 1 4228.855608
B 0 20 1 3001.409338
D 1 20 1 2300.738261
S 2 20 1 2095.222308
L 3 20 1 4228.855608
B 0 20 1 2914.317973
D 1 20 1 2255.878221
S 2 20 1 1987.255614
L 3 20 1 4228.855608
B 0 20 1 3003.723351
D 1 20 1 2315.676683
S 2 20 1 2412.794776
L 3 20 1 4228.855608
B 0 20 1 3012.387629
D 1 20 1 2321.166866
S 2 20 1 1862.048098
L 3 20 1 4228.855608
B 0 20 1 2875.695126
D 1 20 1 2153.470774
S 2 20 1 1821.690633
L 3 20 1 4228.855608
B 0 20 1 2892.803140
D 1 20 1 2322.436201
S 2 20 1 2122.859211
L 3 20 1 4228.855608
B 0 20 1 3239.264819
D 1 20 1 2495.444276
S 2 20 1 2184.358868
L 3 20 1 4228.855608
B 0 20 1 2827.887805
D 1 20 1 2172.031524
S 2 20 1 1825.010029
L 3 20 1 4228.855608
B 0 20 1 3001.429273
D 1 20 1 2296.557722
S 2 20 1 2145.920627
L 3 20 1 4228.855608
B 0 20 1 2831.553283
D 1 20 1 2309.764717
S 2 20 1 2106.755846
L 3 20 1 4228.855608
B 0 30 1 4571.037311
D 1 30 1 3451.578848
S 2 30 1 3179.371746
L 3 30 1 4228.855608
B 0 30 1 4082.163152
D 1 30 1 3188.004515
S 2 30 1 2902.457961
L 3 30 1 4228.855608
B 0 30 1 4238.500884
D 1 30 1 3338.711862
S 2 30 1 3006.564041
L 3 30 1 4228.855608
B 0 30 1 4237.239826
D 1 30 1 3188.232436
S 2 30 1 2877.832719
L 3 30 1 4228.855608
B 0 30 1 4330.107667
D 1 30 1 3277.850009
S 2 30 1 3098.721443
L 3 30 1 4228.855608
B 0 30 1 4021.499392
D 1 30 1 3142.853591
S 2 30 1 2694.013478
L 3 30 1 4228.855608
B 0 30 1 3809.563521
D 1 30 1 3047.197294
S 2 30 1 2566.835397
L 3 30 1 4228.855608
B 0 30 1 4038.043775
D 1 30 1 3012.660670
S 2 30 1 2562.496007
L 3 30 1 4228.855608
B 0 30 1 3942.322645
D 1 30 1 3102.915824
S 2 30 1 2834.854221
L 3 30 1 4228.855608
B 0 30 1 3932.794588
D 1 30 1 2974.604898
S 2 30 1 2391.917825
L 3 30 1 4228.855608
B 0 40 1 5458.627389
D 1 40 1 4183.398527
S 2 40 1 3689.570494
L 3 40 1 4228.855608
B 0 40 1 5122.407373
D 1 40 1 4075.095822
S 2 40 1 3311.141579
L 3 40 1 4228.855608
B 0 40 1 5059.597939
D 1 40 1 4007.636826
S 2 40 1 3428.553482
L 3 40 1 4228.855608
B 0 40 1 5271.178286
D 1 40 1 4043.873082
S 2 40 1 3486.477992
L 3 40 1 4228.855608
B 0 40 1 5196.692149
D 1 40 1 3976.669327
S 2 40 1 3458.418607
L 3 40 1 4228.855608
B 0 40 1 5081.864935
D 1 40 1 4075.095822
S 2 40 1 3286.120956
L 3 40 1 4228.855608
B 0 40 1 5642.887361
D 1 40 1 4253.445406
S 2 40 1 3659.692736
L 3 40 1 4228.855608
B 0 40 1 5265.293881
D 1 40 1 4023.784055
S 2 40 1 3371.454013
L 3 40 1 4228.855608
B 0 40 1 5500.058321
D 1 40 1 4250.768847
S 2 40 1 3606.633067
L 3 40 1 4228.855608
B 0 40 1 5523.416673
D 1 40 1 4140.798219
S 2 40 1 3660.472386
L 3 40 1 4228.855608
B 0 50 1 6898.955541
D 1 50 1 5131.885896
S 2 50 1 4239.813999
L 3 50 1 4228.855608
B 0 50 1 6611.542845
D 1 50 1 4925.322073
S 2 50 1 4225.395829
L 3 50 1 4228.855608
B 0 50 1 6559.721212
D 1 50 1 4898.346059
S 2 50 1 4106.933739
L 3 50 1 4228.855608
B 0 50 1 6211.989531
D 1 50 1 4751.842257
S 2 50 1 3769.961051
L 3 50 1 4228.855608
B 0 50 1 6519.618417
D 1 50 1 5042.348924
S 2 50 1 4276.570015
L 3 50 1 4228.855608
B 0 50 1 6607.246123
D 1 50 1 5061.730717
S 2 50 1 4147.003133
L 3 50 1 4228.855608
B 0 50 1 6066.701119
D 1 50 1 4734.687943
S 2 50 1 3979.277251
L 3 50 1 4228.855608
B 0 50 1 5926.089195
D 1 50 1 4606.738997
S 2 50 1 3638.456218
L 3 50 1 4228.855608
B 0 50 1 6242.842725
D 1 50 1 4765.916659
S 2 50 1 3920.481592
L 3 50 1 4228.855608
B 0 50 1 6792.026936
D 1 50 1 5142.972028
S 2 50 1 4472.688293
L 3 50 1 4228.855608
B 0 60 1 7619.855820
D 1 60 1 5737.981517
S 2 60 1 4513.885334
L 3 60 1 4228.855608
B 0 60 1 8043.643646
D 1 60 1 5993.493207
S 2 60 1 4637.257654
L 3 60 1 4228.855608
B 0 60 1 7755.501937
D 1 60 1 5867.238720
S 2 60 1 4592.666982
L 3 60 1 4228.855608
B 0 60 1 7722.724738
D 1 60 1 5887.984753
S 2 60 1 4822.556943
L 3 60 1 4228.855608
B 0 60 1 7769.043398
D 1 60 1 5782.052227
S 2 60 1 4649.737086
L 3 60 1 4228.855608
B 0 60 1 7680.379869
D 1 60 1 5926.575604
S 2 60 1 4884.679417
L 3 60 1 4228.855608
B 0 60 1 7884.947321
D 1 60 1 5862.278449
S 2 60 1 4927.822143
L 3 60 1 4228.855608
B 0 60 1 7571.775225
D 1 60 1 5673.138856
S 2 60 1 4746.924176
L 3 60 1 4228.855608
B 0 60 1 8104.413572
D 1 60 1 5816.083020
S 2 60 1 4556.581299
L 3 60 1 4228.855608
B 0 60 1 7642.629987
D 1 60 1 5905.376547
S 2 60 1 4981.456687
L 3 60 1 4228.855608
B 0 70 1 8559.857464
D 1 70 1 6673.071403
S 2 70 1 5127.257432
L 3 70 1 4228.855608
B 0 70 1 9032.443874
D 1 70 1 6706.389831
S 2 70 1 5392.310488
L 3 70 1 4228.855608
B 0 70 1 8959.781322
D 1 70 1 6490.587299
S 2 70 1 5290.605001
L 3 70 1 4228.855608
B 0 70 1 8649.997652
D 1 70 1 6730.068543
S 2 70 1 5187.033866
L 3 70 1 4228.855608
B 0 70 1 9176.164297
D 1 70 1 6722.852720
S 2 70 1 5181.995452
L 3 70 1 4228.855608
B 0 70 1 8858.788784
D 1 70 1 6534.069799
S 2 70 1 5039.355416
L 3 70 1 4228.855608
B 0 70 1 8309.776152
D 1 70 1 6308.774571
S 2 70 1 4876.355454
L 3 70 1 4228.855608
B 0 70 1 8866.748607
D 1 70 1 6747.685480
S 2 70 1 5454.734329
L 3 70 1 4228.855608
B 0 70 1 8623.367935
D 1 70 1 6398.617233
S 2 70 1 5021.472166
L 3 70 1 4228.855608
B 0 70 1 8681.399168
D 1 70 1 6589.808294
S 2 70 1 5208.009508
L 3 70 1 4228.855608
B 0 80 1 10271.218300
D 1 80 1 7730.234522
S 2 80 1 5795.400295
L 3 80 1 4228.855608
B 0 80 1 9506.875279
D 1 80 1 7243.086957
S 2 80 1 5549.070064
L 3 80 1 4228.855608
B 0 80 1 10136.810772
D 1 80 1 7609.967519
S 2 80 1 5803.966711
L 3 80 1 4228.855608
B 0 80 1 9549.602771
D 1 80 1 7220.946032
S 2 80 1 5665.181601
L 3 80 1 4228.855608
B 0 80 1 9815.434070
D 1 80 1 7360.406190
S 2 80 1 5681.793281
L 3 80 1 4228.855608
B 0 80 1 9918.968444
D 1 80 1 7228.223322
S 2 80 1 5636.115186
L 3 80 1 4228.855608
B 0 80 1 9953.935226
D 1 80 1 7465.857210
S 2 80 1 5759.806840
L 3 80 1 4228.855608
B 0 80 1 9738.073982
D 1 80 1 7268.474903
S 2 80 1 5637.011601
L 3 80 1 4228.855608
B 0 80 1 9803.862486
D 1 80 1 7359.730830
S 2 80 1 5663.881026
L 3 80 1 4228.855608
B 0 80 1 9764.504199
D 1 80 1 7199.771052
S 2 80 1 5633.354878
L 3 80 1 4228.855608
B 0 90 1 10719.375953
D 1 90 1 8085.789596
S 2 90 1 5838.790885
L 3 90 1 4228.855608
B 0 90 1 10721.591043
D 1 90 1 8022.837614
S 2 90 1 5832.240153
L 3 90 1 4228.855608
B 0 90 1 10582.055005
D 1 90 1 8072.189636
S 2 90 1 5846.998951
L 3 90 1 4228.855608
B 0 90 1 10582.055005
D 1 90 1 8072.189636
S 2 90 1 5846.998951
L 3 90 1 4228.855608
B 0 90 1 11072.009475
D 1 90 1 8185.613308
S 2 90 1 5853.935447
L 3 90 1 4228.855608
B 0 90 1 10719.375953
D 1 90 1 8085.789596
S 2 90 1 5838.790885
L 3 90 1 4228.855608
B 0 90 1 10721.591043
D 1 90 1 8022.837614
S 2 90 1 5832.240153
L 3 90 1 4228.855608
B 0 90 1 10582.055005
D 1 90 1 8072.189636
S 2 90 1 5846.998951
L 3 90 1 4228.855608
B 0 90 1 10582.055005
D 1 90 1 8072.189636
S 2 90 1 5846.998951
L 3 90 1 4228.855608
B 0 90 1 10645.109467
D 1 90 1 8085.789596
S 2 90 1 5838.790885
L 3 90 1 4228.855608
B 0 100 1 10988.753843
D 1 100 1 8389.727870
S 2 100 1 5867.615558
L 3 100 1 4228.855608
B 0 100 1 10988.753843
D 1 100 1 8389.727870
S 2 100 1 5867.615558
L 3 100 1 4228.855608
B 0 100 1 10988.753843
D 1 100 1 8389.727870
S 2 100 1 5867.615558
L 3 100 1 4228.855608
B 0 100 1 10988.753843
D 1 100 1 8389.727870
S 2 100 1 5867.615558
L 3 100 1 4228.855608
B 0 100 1 10988.753843
D 1 100 1 8389.727870
S 2 100 1 5867.615558
L 3 100 1 4228.855608
B 0 100 1 10988.753843
D 1 100 1 8389.727870
S 2 100 1 5867.615558
L 3 100 1 4228.855608
B 0 100 1 10988.753843
D 1 100 1 8389.727870
S 2 100 1 5867.615558
L 3 100 1 4228.855608
B 0 100 1 10988.753843
D 1 100 1 8389.727870
S 2 100 1 5867.615558
L 3 100 1 4228.855608
B 0 100 1 10988.753843
D 1 100 1 8389.727870
S 2 100 1 5867.615558
L 3 100 1 4228.855608
B 0 100 1 10988.753843
D 1 100 1 8389.727870
S 2 100 1 5867.615558
L 3 100 1 4228.855608
