0	10	1	1792.018408	15.328141
0	10	2	2188.450586	10.485598
0	10	3	2362.882874	71.010457
0	10	4	2621.159375	6.807150
0	10	5	2658.200720	1.365396
0	10	6	2848.318813	51.531875
0	10	7	2989.046704	161.380916
0	10	8	3121.905151	33.329224
0	10	9	3079.669849	54.256372
0	10	10	3547.352588	6.327165
0	10	11	3398.643408	50.103971
0	10	12	3562.978149	9.810750
0	10	13	3671.692847	111.061776
0	10	14	3693.753564	93.837126
0	10	15	3891.983398	89.207520
0	10	16	3750.340210	4.096883
0	10	17	3742.563843	54.295858
0	10	18	3787.027222	36.474406
0	10	19	3886.323462	33.249845
0	10	20	4059.960767	46.750431
0	15	1	2423.251978	69.635246
0	15	2	2763.747192	106.048462
0	15	3	3094.816431	127.093514
0	15	4	3211.123828	87.962793
0	15	5	3309.279443	189.311230
0	15	6	3449.838818	76.193913
0	15	7	3583.076392	1.041659
0	15	8	3726.992139	64.447770
0	15	9	3893.759351	28.420760
0	15	10	3943.549243	59.190812
0	15	11	4063.221533	51.059196
0	15	12	4054.046948	2.743628
0	15	13	4186.393213	28.833382
0	15	14	4348.819702	15.388143
0	15	15	4461.659961	10.405534
0	15	16	4725.220312	96.711133
0	15	17	4383.352979	18.827002
0	15	18	4280.752588	113.471143
0	15	19	4665.648779	43.392855
0	15	20	4607.074023	32.171810
0	20	1	3036.376343	43.723592
0	20	2	3353.547559	2.571842
0	20	3	3579.945117	88.462988
0	20	4	3963.917627	94.392529
0	20	5	3862.579297	96.218083
0	20	6	4070.175537	62.926676
0	20	7	4075.068823	3.029061
0	20	8	4388.352271	17.921476
0	20	9	4337.650146	25.271891
0	20	10	4442.658618	152.249406
0	20	11	4754.688135	44.589079
0	20	12	4841.735254	90.423535
0	20	13	4675.861670	78.902783
0	20	14	4904.668896	12.285140
0	20	15	4994.586963	96.519189
0	20	16	5046.530908	99.382926
0	20	17	4876.794238	2.344141
0	20	18	4925.478711	84.751042
0	20	19	5217.109473	14.894336
0	20	20	5413.466357	42.392236
0	25	1	3481.144507	9.886401
0	25	2	3892.773462	16.751636
0	25	3	4130.684448	117.984334
0	25	4	4433.257007	23.488224
0	25	5	4555.326953	16.808529
0	25	6	4585.860791	74.428239
0	25	7	4752.160303	1.423226
0	25	8	4989.689453	79.158691
0	25	9	4975.260449	42.708561
0	25	10	5117.645703	37.988346
0	25	11	5254.590820	7.727051
0	25	12	5494.503516	102.272331
0	25	13	5177.758643	84.230908
0	25	14	5495.760547	46.394759
0	25	15	5677.731494	23.821305
0	25	16	5513.075537	94.946826
0	25	17	5502.854688	141.343359
0	25	18	5851.883936	143.169320
0	25	19	5890.382764	90.295394
0	25	20	5889.241406	136.372786
0	30	1	4108.992041	78.966846
0	30	2	4370.805615	51.344092
0	30	3	4819.404102	95.580632
0	30	4	4973.750830	51.000049
0	30	5	5157.787744	67.484912
0	30	6	5332.868066	141.377246
0	30	7	5490.736523	65.724219
0	30	8	5445.425049	38.747803
0	30	9	5479.087500	24.902865
0	30	10	5636.729297	39.360286
0	30	11	5792.312646	127.047314
0	30	12	5853.357373	62.761214
0	30	13	5994.951563	98.403939
0	30	14	6209.968311	40.969906
0	30	15	6069.148145	38.112044
0	30	16	6206.496729	76.608285
0	30	17	6396.493701	12.954248
0	30	18	6419.215479	35.270622
0	30	19	6206.484521	29.234261
0	30	20	6256.121045	52.411149
0	35	1	4614.975146	95.290055
0	35	2	4907.077979	7.157340
0	35	3	5081.082422	106.525033
0	35	4	5373.035791	157.771208
0	35	5	5685.696387	50.871549
0	35	6	5922.009473	100.081315
0	35	7	6069.703809	11.918880
0	35	8	6289.932666	38.084294
0	35	9	6155.407568	92.292204
0	35	10	6139.338672	76.820898
0	35	11	6500.854541	125.364600
0	35	12	6310.545947	40.797868
0	35	13	6441.006836	150.276693
0	35	14	6551.336572	78.499235
0	35	15	6554.100049	24.948714
0	35	16	6823.844043	37.546973
0	35	17	6835.135156	22.064323
0	35	18	6751.256396	14.496240
0	35	19	6970.396973	18.525879
0	35	20	7045.090625	23.278906
0	40	1	5367.547314	34.112972
0	40	2	5582.699414	70.182520
0	40	3	5812.744287	17.757275
0	40	4	6021.056152	44.367513
0	40	5	6251.348486	20.755973
0	40	6	6460.849170	64.259098
0	40	7	6705.468457	85.496973
0	40	8	6674.114502	34.150798
0	40	9	6750.681104	21.994450
0	40	10	6765.948828	54.800000
0	40	11	6900.035205	55.355160
0	40	12	6839.358936	104.592464
0	40	13	7173.701953	22.365625
0	40	14	7070.390771	38.027555
0	40	15	7145.228564	63.317367
0	40	16	7165.282031	26.543685
0	40	17	7204.806543	132.715853
0	40	18	7407.361035	57.252865
0	40	19	7542.073486	45.628988
0	40	20	7433.443311	31.423161
0	45	1	5923.285254	95.634961
0	45	2	6037.083350	16.474723
0	45	3	6391.674512	129.596582
0	45	4	6639.340674	99.664925
0	45	5	6621.122314	61.367594
0	45	6	6867.037988	55.910775
0	45	7	7102.886523	21.368099
0	45	8	7224.279590	98.263900
0	45	9	7256.876758	63.933822
0	45	10	7271.405225	91.366520
0	45	11	7415.671582	42.033464
0	45	12	7695.913525	59.376969
0	45	13	7345.579541	33.901709
0	45	14	7696.539404	149.667692
0	45	15	7555.179346	0.298779
0	45	16	7675.052686	78.940934
0	45	17	7955.089111	10.168538
0	45	18	7844.426758	71.752930
0	45	19	7750.303125	5.563118
0	45	20	7952.390332	8.390397
0	50	1	6490.435156	12.228385
1	10	1	1423.281049	4.082333
1	10	2	1632.733594	16.635536
1	10	3	1715.308148	43.840343
1	10	4	1803.907904	11.697865
1	10	5	1863.429889	18.654161
1	10	6	2031.401603	6.948985
1	10	7	2046.170190	19.013664
1	10	8	2153.134155	33.729533
1	10	9	2136.362708	45.321399
1	10	10	2396.537354	17.734456
1	10	11	2334.893091	46.397778
1	10	12	2396.638501	32.896265
1	10	13	2532.897021	38.686019
1	10	14	2522.178857	58.036426
1	10	15	2639.278394	71.556209
1	10	16	2594.904321	27.292733
1	10	17	2583.754517	30.153931
1	10	18	2642.859839	17.504875
1	10	19	2730.911865	8.965983
1	10	20	2816.309229	67.304004
1	15	1	1887.561670	57.234489
1	15	2	2116.244629	8.139404
1	15	3	2252.447241	46.730623
1	15	4	2316.903809	7.801758
1	15	5	2388.957153	61.256632
1	15	6	2500.379883	20.062988
1	15	7	2596.286206	21.687069
1	15	8	2621.934863	33.877507
1	15	9	2755.392920	7.172314
1	15	10	2776.216821	1.539559
1	15	11	2895.287988	52.068978
1	15	12	2920.219336	13.407031
1	15	13	2910.534155	19.205884
1	15	14	3139.249780	52.388826
1	15	15	3197.883203	4.817985
1	15	16	3305.793945	52.609782
1	15	17	3154.519556	20.508797
1	15	18	3090.827515	55.540080
1	15	19	3336.629395	44.921631
1	15	20	3338.142505	43.667456
1	20	1	2357.481274	5.451147
1	20	2	2557.792896	22.225448
1	20	3	2653.091016	22.810938
1	20	4	2850.030176	73.746859
1	20	5	2852.872412	21.768831
1	20	6	2996.816846	57.263525
1	20	7	2984.029614	7.376359
1	20	8	3173.120850	31.765137
1	20	9	3182.110938	11.139193
1	20	10	3214.928662	50.122705
1	20	11	3440.413525	33.038802
1	20	12	3522.074927	25.296883
1	20	13	3393.646533	3.264909
1	20	14	3585.656567	58.450871
1	20	15	3669.092529	47.468262
1	20	16	3676.506616	65.409172
1	20	17	3578.139746	20.847786
1	20	18	3633.240161	12.750920
1	20	19	3825.462012	27.362093
1	20	20	3959.155640	6.698771
1	25	1	2714.905688	2.634660
1	25	2	2956.684717	19.276416
1	25	3	3102.898022	53.379989
1	25	4	3258.033545	50.161344
1	25	5	3448.432813	7.641341
1	25	6	3376.799512	45.153825
1	25	7	3496.749927	14.753198
1	25	8	3723.855176	68.408464
1	25	9	3634.620459	3.117546
1	25	10	3753.117993	30.718856
1	25	11	3902.849878	27.580168
1	25	12	4070.547144	75.319263
1	25	13	3872.419287	56.448763
1	25	14	4035.093701	4.943913
1	25	15	4203.788989	13.849097
1	25	16	4061.805078	34.759798
1	25	17	4080.081641	61.610156
1	25	18	4300.549561	70.118734
1	25	19	4380.173486	40.284066
1	25	20	4327.658154	56.523910
1	30	1	3203.393896	40.974251
1	30	2	3330.358472	16.376685
1	30	3	3643.385425	34.868026
1	30	4	3728.379297	25.124544
1	30	5	3834.476147	24.244328
1	30	6	3939.153760	67.427148
1	30	7	4106.376025	21.909001
1	30	8	4081.166260	16.591309
1	30	9	4125.167700	57.500399
1	30	10	4183.620044	12.045435
1	30	11	4358.774658	42.359782
1	30	12	4357.468945	76.116602
1	30	13	4401.203516	55.388314
1	30	14	4605.262451	47.120361
1	30	15	4489.472266	2.103646
1	30	16	4554.172559	20.649023
1	30	17	4734.784619	34.853857
1	30	18	4799.620801	12.272396
1	30	19	4635.679541	19.595329
1	30	20	4672.178027	34.297917
1	35	1	3546.390845	45.409416
1	35	2	3701.794800	26.111206
1	35	3	3883.084961	71.926595
1	35	4	4054.612012	95.936019
1	35	5	4226.503589	63.571558
1	35	6	4397.878662	62.184163
1	35	7	4527.937402	43.435189
1	35	8	4716.829785	42.766536
1	35	9	4597.328760	54.543734
1	35	10	4615.473828	44.663802
1	35	11	4849.456445	18.494271
1	35	12	4728.784863	10.284245
1	35	13	4843.815820	100.813021
1	35	14	4947.061914	12.246387
1	35	15	4898.812207	19.856836
1	35	16	5090.833398	22.381152
1	35	17	5095.701855	31.288672
1	35	18	5015.195264	20.028955
1	35	19	5182.851758	37.937891
1	35	20	5254.617773	2.276725
1	40	1	4093.219263	10.992277
1	40	2	4184.749219	8.048079
1	40	3	4412.742529	24.693799
1	40	4	4562.334180	30.478939
1	40	5	4687.808447	14.494743
1	40	6	4851.257910	87.883594
1	40	7	5032.389551	3.632194
1	40	8	5057.644678	16.321729
1	40	9	5056.432422	27.356543
1	40	10	5071.789111	37.639014
1	40	11	5185.208691	95.652083
1	40	12	5161.431641	53.318848
1	40	13	5422.308496	44.027702
1	40	14	5311.110645	50.313086
1	40	15	5409.930078	23.046257
1	40	16	5391.943018	14.004834
1	40	17	5381.602588	82.610010
1	40	18	5531.677734	37.867676
1	40	19	5631.696094	0.671289
1	40	20	5555.874512	34.538411
1	45	1	4483.331299	75.394287
1	45	2	4600.942432	18.837581
1	45	3	4826.516650	83.926937
1	45	4	5016.684180	42.409635
1	45	5	5035.752002	85.332861
1	45	6	5177.772852	41.796680
1	45	7	5347.882129	6.895443
1	45	8	5371.056348	20.420345
1	45	9	5432.868945	4.074935
1	45	10	5515.618555	47.197396
1	45	11	5505.451514	25.836312
1	45	12	5765.706055	44.881348
1	45	13	5526.503223	2.565853
1	45	14	5794.402930	84.003223
1	45	15	5640.087695	12.601823
1	45	16	5754.929541	69.103890
1	45	17	5981.237598	14.612370
1	45	18	5926.230811	45.246143
1	45	19	5857.760498	24.256755
1	45	20	5997.423926	6.169466
1	50	1	4921.447998	1.581136
2	10	1	1351.474951	17.319118
2	10	2	1615.659644	28.917814
2	10	3	1716.307764	62.693764
2	10	4	1822.376807	38.496778
2	10	5	1913.147601	31.210906
2	10	6	2096.787973	1.220282
2	10	7	2178.053882	55.579614
2	10	8	2230.513440	18.672530
2	10	9	2207.394800	73.881258
2	10	10	2500.804785	4.415316
2	10	11	2425.657593	49.438517
2	10	12	2553.096777	2.507764
2	10	13	2643.616846	89.563997
2	10	14	2638.363354	54.558211
2	10	15	2805.471997	62.070614
2	10	16	2766.169897	24.018547
2	10	17	2760.858423	9.492847
2	10	18	2805.038452	28.239787
2	10	19	2862.711792	52.129028
2	10	20	2979.745972	52.414510
2	15	1	1768.089832	32.407800
2	15	2	2026.151184	64.231099
2	15	3	2172.890259	41.301799
2	15	4	2218.633337	31.728284
2	15	5	2377.783936	104.975586
2	15	6	2498.481934	34.099935
2	15	7	2535.271069	46.858130
2	15	8	2696.959424	21.389502
2	15	9	2836.386304	38.897518
2	15	10	2863.489966	13.042407
2	15	11	2924.126343	29.017456
2	15	12	3020.248389	17.300098
2	15	13	2983.647461	3.116455
2	15	14	3245.819409	21.740210
2	15	15	3199.316309	16.440137
2	15	16	3401.611157	69.499618
2	15	17	3250.851025	2.327214
2	15	18	3122.692310	45.591089
2	15	19	3402.584912	40.133936
2	15	20	3370.350293	15.711735
2	20	1	2144.695850	53.701481
2	20	2	2355.850903	60.506160
2	20	3	2525.212988	79.599723
2	20	4	2737.387915	67.187183
2	20	5	2756.253271	24.713167
2	20	6	2827.573364	46.906128
2	20	7	2975.242041	32.064665
2	20	8	3058.294141	6.525049
2	20	9	3116.771021	30.892489
2	20	10	3118.883154	15.545117
2	20	11	3362.298364	38.963940
2	20	12	3505.057764	6.389535
2	20	13	3386.994312	52.805070
2	20	14	3552.786694	25.303247
2	20	15	3608.468164	36.962842
2	20	16	3643.303833	116.638387
2	20	17	3583.357812	75.472282
2	20	18	3606.500781	43.671126
2	20	19	3703.146094	45.707796
2	20	20	3888.076611	0.507015
2	25	1	2463.669727	0.439274
2	25	2	2666.356763	73.800968
2	25	3	2812.075439	59.543294
2	25	4	3080.243286	39.976278
2	25	5	3233.955225	31.353076
2	25	6	3137.667847	76.082804
2	25	7	3303.599146	8.576750
2	25	8	3512.391895	4.518294
2	25	9	3482.663989	2.008325
2	25	10	3641.294019	3.945907
2	25	11	3733.890649	1.200513
2	25	12	3859.847144	89.986808
2	25	13	3729.237109	15.351416
2	25	14	3956.106934	63.161784
2	25	15	4034.540381	39.893441
2	25	16	3923.083374	16.246216
2	25	17	3960.306323	48.598901
2	25	18	4124.125024	45.776213
2	25	19	4169.921655	107.616463
2	25	20	4097.227075	87.490487
2	30	1	2833.509839	42.582170
2	30	2	2884.534546	28.178914
2	30	3	3262.587085	75.282007
2	30	4	3391.807764	13.682813
2	30	5	3520.804395	14.868424
2	30	6	3563.276880	53.044767
2	30	7	3748.627686	12.520182
2	30	8	3753.515820	16.650326
2	30	9	3806.863867	77.116325
2	30	10	3896.662256	2.322640
2	30	11	4022.968091	49.191951
2	30	12	4031.051025	132.842855
2	30	13	4116.121826	13.538818
2	30	14	4245.787769	58.695614
2	30	15	4236.922827	17.365226
2	30	16	4343.443066	40.086979
2	30	17	4401.252051	26.942578
2	30	18	4457.571191	9.783236
2	30	19	4369.605225	52.708903
2	30	20	4394.111133	12.841862
2	35	1	3024.802002	2.277344
2	35	2	3116.973706	54.174097
2	35	3	3440.892554	52.431551
2	35	4	3563.376245	95.725269
2	35	5	3783.444214	72.160116
2	35	6	3889.274316	107.472201
2	35	7	4024.716284	32.433748
2	35	8	4220.309790	37.094963
2	35	9	4159.338574	62.580501
2	35	10	4175.397778	26.374455
2	35	11	4381.493896	39.191650
2	35	12	4310.880249	2.681763
2	35	13	4375.873047	64.817708
2	35	14	4467.385254	20.071615
2	35	15	4551.740723	85.003743
2	35	16	4646.198877	50.714404
2	35	17	4677.426562	0.030339
2	35	18	4536.459766	25.660710
2	35	19	4737.391113	5.145996
2	35	20	4768.355371	9.324349
2	40	1	3453.451660	21.952881
2	40	2	3524.333423	45.873397
2	40	3	3741.567432	52.662370
2	40	4	3964.034473	78.358789
2	40	5	4086.001855	32.297005
2	40	6	4207.602197	93.061637
2	40	7	4371.908423	85.863354
2	40	8	4353.988574	27.641536
2	40	9	4434.644531	23.907227
2	40	10	4467.617285	44.338249
2	40	11	4570.159375	110.820540
2	40	12	4526.383252	11.452946
2	40	13	4728.821875	5.006803
2	40	14	4717.950879	26.792383
2	40	15	4727.560840	14.601302
2	40	16	4784.380469	16.631803
2	40	17	4833.472266	57.450814
2	40	18	4914.246729	9.477816
2	40	19	4992.189160	4.266178
2	40	20	4941.812646	29.415479
2	45	1	3732.427686	56.969222
2	45	2	3746.103687	12.778426
2	45	3	4120.480981	46.294604
2	45	4	4280.417944	31.948088
2	45	5	4269.519409	64.515503
2	45	6	4440.933545	139.677881
2	45	7	4551.556934	20.231380
2	45	8	4644.887549	13.863395
2	45	9	4598.945166	64.313590
2	45	10	4756.171191	50.899023
2	45	11	4761.900293	55.396517
2	45	12	4960.635498	34.123942
2	45	13	4833.742139	35.033708
2	45	14	4944.072900	59.687614
2	45	15	4885.847754	15.971549
2	45	16	4981.296875	58.205404
2	45	17	5175.122168	44.923861
2	45	18	5078.956787	36.498617
2	45	19	5164.589746	31.791634
2	45	20	5163.891650	18.843571
2	50	1	4047.688281	26.303776
3	10	1	4228.855469	0.000000
3	10	2	4228.855469	0.000000
3	10	3	4228.855469	0.000000
3	10	4	4228.855469	0.000000
3	10	5	4228.855469	0.000000
3	10	6	4228.855469	0.000000
3	10	7	4228.855469	0.000000
3	10	8	4228.855469	0.000000
3	10	9	4228.855469	0.000000
3	10	10	4228.855469	0.000000
3	10	11	4228.855469	0.000000
3	10	12	4228.855469	0.000000
3	10	13	4228.855469	0.000000
3	10	14	4228.855469	0.000000
3	10	15	4228.855469	0.000000
3	10	16	4228.855469	0.000000
3	10	17	4228.855469	0.000000
3	10	18	4228.855469	0.000000
3	10	19	4228.855469	0.000000
3	10	20	4228.855469	0.000000
3	15	1	4228.855469	0.000000
3	15	2	4228.855469	0.000000
3	15	3	4228.855469	0.000000
3	15	4	4228.855469	0.000000
3	15	5	4228.855469	0.000000
3	15	6	4228.855469	0.000000
3	15	7	4228.855469	0.000000
3	15	8	4228.855469	0.000000
3	15	9	4228.855469	0.000000
3	15	10	4228.855469	0.000000
3	15	11	4228.855469	0.000000
3	15	12	4228.855469	0.000000
3	15	13	4228.855469	0.000000
3	15	14	4228.855469	0.000000
3	15	15	4228.855469	0.000000
3	15	16	4228.855469	0.000000
3	15	17	4228.855469	0.000000
3	15	18	4228.855469	0.000000
3	15	19	4228.855469	0.000000
3	15	20	4228.855469	0.000000
3	20	1	4228.855469	0.000000
3	20	2	4228.855469	0.000000
3	20	3	4228.855469	0.000000
3	20	4	4228.855469	0.000000
3	20	5	4228.855469	0.000000
3	20	6	4228.855469	0.000000
3	20	7	4228.855469	0.000000
3	20	8	4228.855469	0.000000
3	20	9	4228.855469	0.000000
3	20	10	4228.855469	0.000000
3	20	11	4228.855469	0.000000
3	20	12	4228.855469	0.000000
3	20	13	4228.855469	0.000000
3	20	14	4228.855469	0.000000
3	20	15	4228.855469	0.000000
3	20	16	4228.855469	0.000000
3	20	17	4228.855469	0.000000
3	20	18	4228.855469	0.000000
3	20	19	4228.855469	0.000000
3	20	20	4228.855469	0.000000
3	25	1	4228.855469	0.000000
3	25	2	4228.855469	0.000000
3	25	3	4228.855469	0.000000
3	25	4	4228.855469	0.000000
3	25	5	4228.855469	0.000000
3	25	6	4228.855469	0.000000
3	25	7	4228.855469	0.000000
3	25	8	4228.855469	0.000000
3	25	9	4228.855469	0.000000
3	25	10	4228.855469	0.000000
3	25	11	4228.855469	0.000000
3	25	12	4228.855469	0.000000
3	25	13	4228.855469	0.000000
3	25	14	4228.855469	0.000000
3	25	15	4228.855469	0.000000
3	25	16	4228.855469	0.000000
3	25	17	4228.855469	0.000000
3	25	18	4228.855469	0.000000
3	25	19	4228.855469	0.000000
3	25	20	4228.855469	0.000000
3	30	1	4228.855469	0.000000
3	30	2	4228.855469	0.000000
3	30	3	4228.855469	0.000000
3	30	4	4228.855469	0.000000
3	30	5	4228.855469	0.000000
3	30	6	4228.855469	0.000000
3	30	7	4228.855469	0.000000
3	30	8	4228.855469	0.000000
3	30	9	4228.855469	0.000000
3	30	10	4228.855469	0.000000
3	30	11	4228.855469	0.000000
3	30	12	4228.855469	0.000000
3	30	13	4228.855469	0.000000
3	30	14	4228.855469	0.000000
3	30	15	4228.855469	0.000000
3	30	16	4228.855469	0.000000
3	30	17	4228.855469	0.000000
3	30	18	4228.855469	0.000000
3	30	19	4228.855469	0.000000
3	30	20	4228.855469	0.000000
3	35	1	4228.855469	0.000000
3	35	2	4228.855469	0.000000
3	35	3	4228.855469	0.000000
3	35	4	4228.855469	0.000000
3	35	5	4228.855469	0.000000
3	35	6	4228.855469	0.000000
3	35	7	4228.855469	0.000000
3	35	8	4228.855469	0.000000
3	35	9	4228.855469	0.000000
3	35	10	4228.855469	0.000000
3	35	11	4228.855469	0.000000
3	35	12	4228.855469	0.000000
3	35	13	4228.855469	0.000000
3	35	14	4228.855469	0.000000
3	35	15	4228.855469	0.000000
3	35	16	4228.855469	0.000000
3	35	17	4228.855469	0.000000
3	35	18	4228.855469	0.000000
3	35	19	4228.855469	0.000000
3	35	20	4228.855469	0.000000
3	40	1	4228.855469	0.000000
3	40	2	4228.855469	0.000000
3	40	3	4228.855469	0.000000
3	40	4	4228.855469	0.000000
3	40	5	4228.855469	0.000000
3	40	6	4228.855469	0.000000
3	40	7	4228.855469	0.000000
3	40	8	4228.855469	0.000000
3	40	9	4228.855469	0.000000
3	40	10	4228.855469	0.000000
3	40	11	4228.855469	0.000000
3	40	12	4228.855469	0.000000
3	40	13	4228.855469	0.000000
3	40	14	4228.855469	0.000000
3	40	15	4228.855469	0.000000
3	40	16	4228.855469	0.000000
3	40	17	4228.855469	0.000000
3	40	18	4228.855469	0.000000
3	40	19	4228.855469	0.000000
3	40	20	4228.855469	0.000000
3	45	1	4228.855469	0.000000
3	45	2	4228.855469	0.000000
3	45	3	4228.855469	0.000000
3	45	4	4228.855469	0.000000
3	45	5	4228.855469	0.000000
3	45	6	4228.855469	0.000000
3	45	7	4228.855469	0.000000
3	45	8	4228.855469	0.000000
3	45	9	4228.855469	0.000000
3	45	10	4228.855469	0.000000
3	45	11	4228.855469	0.000000
3	45	12	4228.855469	0.000000
3	45	13	4228.855469	0.000000
3	45	14	4228.855469	0.000000
3	45	15	4228.855469	0.000000
3	45	16	4228.855469	0.000000
3	45	17	4228.855469	0.000000
3	45	18	4228.855469	0.000000
3	45	19	4228.855469	0.000000
3	45	20	4228.855469	0.000000
3	50	1	4228.855469	0.000000
